[109, 97, 100, 97, 110, 121, 43, 116, 97, 108, 108]
[103, 101, 114, 105, 43, 109, 252, 108, 108, 101, 114]
[1087, 1083, 1072, 1084, 1077, 1085, 43, 1087, 1077, 1090, 1088, 1086, 1074]
[114, 111, 98, 101, 114, 116, 43, 106, 97, 109, 101, 115, 43, 102, 105, 115, 99, 104, 101, 114]
[112, 104, 105, 108, 108, 105, 112, 101, 43, 103, 105, 108, 98, 101, 114, 116]
[50504, 43, 45929, 52968]
[97, 108, 105, 43, 107, 101, 105, 115, 121]
[106, 117, 97, 110, 97, 43, 112, 233, 114, 101, 122]
[104, 97, 114, 114, 121, 43, 103, 111, 111, 110, 101, 116, 105, 108, 108, 101, 107, 101]
[97, 104, 109, 101, 116, 43, 112, 101, 107, 101, 114]
[109, 105, 114, 99, 101, 97, 43, 114, 97, 100, 117, 108, 101, 115, 99, 117]
[109, 111, 104, 97, 109, 101, 100, 43, 107, 97, 109, 97, 114, 97]
[100, 109, 105, 116, 114, 105, 43, 97, 103, 114, 97, 110, 111, 119, 115, 107, 105]
[112, 97, 117, 108, 43, 109, 111, 114, 105, 115, 115, 101, 121]
[102, 114, 97, 110, 231, 111, 105, 115, 101, 43, 98, 101, 116, 116, 101, 110, 99, 111, 117, 114, 116, 45, 109, 101, 121, 101, 114, 115]
[98, 114, 97, 110, 107, 111, 43, 99, 101, 114, 118, 101, 110, 107, 111, 118, 115, 107, 105]
[12450, 12540, 12531, 12480, 12531, 12459, 12531]
[109, 117, 114, 97, 116, 43, 111, 287, 117, 122]
[109, 117, 110, 116, 97, 115, 101, 114, 43, 97, 108, 45, 115, 97, 105, 100, 105]
[112, 104, 105, 108, 105, 112, 112, 101, 43, 103, 105, 108, 98, 101, 114, 116, 43, 40, 99, 121, 99, 108, 105, 115, 116, 101, 41]
[111, 101, 122, 103, 252, 114, 43, 111, 101, 122, 101, 108]
[108, 111, 117, 105, 115, 43, 103, 117, 97, 121]
[99, 97, 114, 108, 43, 115, 104, 97, 112, 105, 114, 111]
[105, 118, 97, 114, 43, 108, 111, 43, 106, 111, 104, 97, 110, 115, 115, 111, 110, 115]
[110, 97, 116, 97, 115, 99, 104, 97, 43, 118, 108, 97, 104, 111, 118, 105, 99]
[98, 117, 114, 99, 104, 97, 114, 100, 43, 114, 111, 101, 118, 101, 114]
[115, 116, 101, 112, 104, 101, 110, 43, 104, 97, 114, 98, 101, 99, 107]
[105, 118, 97, 114, 43, 108, 111, 45, 106, 111, 104, 97, 110, 115, 115, 111, 110, 115]
[98, 97, 98, 97, 99, 97, 114, 43, 110, 100, 105, 111, 117, 114]
[106, 117, 108, 105, 97, 43, 100, 105, 101, 116, 122, 101]
[104, 97, 108, 118, 97, 114, 100, 43, 105, 110, 103, 101, 98, 114, 105, 103, 116, 115, 101, 110]
[116, 111, 114, 101, 43, 111, 43, 115, 97, 110, 100, 118, 105, 107]
[39825, 27604, 43, 33778, 33293, 29246]
[109, 111, 104, 97, 109, 109, 97, 100, 43, 97, 115, 115, 97, 100, 105]
[116, 114, 111, 110, 100, 43, 103, 105, 115, 107, 101, 115]
[99, 104, 114, 105, 115, 116, 111, 112, 104, 43, 119, 97, 103, 110, 101, 114, 43, 116, 114, 101, 110, 107, 119, 105, 116, 122]
[102, 114, 97, 110, 99, 111, 105, 115, 101, 43, 98, 101, 116, 116, 101, 110, 99, 111, 117, 114, 116, 45, 109, 101, 121, 101, 114, 115]
[117, 100, 97, 121, 97, 43, 110, 97, 110, 97, 121, 121, 97, 107, 97, 114, 97]
[1489, 1493, 1489, 1497, 43, 1508, 1497, 1513, 1512]
[101, 108, 115, 43, 106, 111, 103, 108, 97, 114, 115]
[107, 114, 105, 115, 116, 105, 97, 110, 43, 112, 101, 116, 101, 114, 115, 101, 110]
[12502, 12521, 12531, 12467, 12484, 12523, 12532, 12455, 12531, 12467, 12501, 12473, 12461, 12540]
[97, 110, 110, 101, 43, 99, 97, 116, 104, 43, 118, 101, 115, 116, 108, 121]
[1072, 1073, 1093, 1089, 1080, 1090, 43, 1074, 1077, 1090, 1095, 1072, 1095, 1080, 1074, 1072]
[1072, 1088, 1085, 1077, 43, 1076, 1091, 1085, 1082, 1072, 1085]
[112, 104, 105, 108, 97, 100, 101, 108, 112, 104, 105, 97, 43, 101, 97, 103, 108, 101, 115]
[106, 97, 99, 113, 117, 101, 115, 43, 99, 104, 101, 115, 115, 101, 120]
[104, 97, 107, 97, 110, 43, 110, 101, 115, 115, 101, 114]
[115, 118, 101, 110, 100, 43, 101, 114, 105, 107, 43, 106, 97, 107, 111, 98, 115, 101, 110]
[98, 111, 98, 98, 121, 43, 102, 105, 115, 99, 104, 101, 114]
[115, 118, 101, 110, 100, 45, 101, 114, 105, 107, 43, 106, 97, 107, 111, 98, 115, 101, 110]
[100, 111, 110, 43, 98, 108, 97, 99, 107, 101, 109, 97, 110]
[102, 114, 97, 110, 231, 111, 105, 115, 101, 43, 98, 101, 116, 116, 97, 110, 99, 111, 117, 114, 116, 43, 109, 101, 121, 101, 114, 115]
[103, 97, 114, 121, 43, 121, 111, 117, 110, 103, 101]
[112, 104, 105, 108, 105, 112, 101, 43, 103, 105, 108, 98, 101, 114, 116]
[97, 98, 100, 117, 108, 43, 115, 97, 116, 97, 114, 43, 98, 105, 114, 113, 97, 100, 114]
[1080, 1075, 1086, 1088, 1103, 43, 1079, 1074, 1072, 1088, 1080, 1095]
[106, 101, 97, 110, 43, 112, 97, 117, 108, 43, 106, 117, 103, 117, 101, 116]
[1489, 1512, 1504, 1511, 1493, 43, 1510, 1512, 1489, 1504, 1511, 1493, 1489, 1505, 1511, 1497]
[103, 105, 108, 108, 105, 97, 110, 43, 102, 108, 97, 99, 99, 117, 115]
[106, 97, 121, 97, 110, 116, 104, 97, 43, 112, 101, 114, 101, 114, 97]
[99, 101, 100, 114, 105, 99, 43, 116, 105, 108, 108, 101]
[107, 101, 118, 105, 110, 43, 115, 112, 101, 101, 114, 115]
[1080, 1075, 1086, 1088, 1103, 43, 1079, 1074, 1072, 1088, 1099, 1095, 1072]
[120, 97, 118, 105, 101, 114, 43, 115, 105, 109, 233, 111, 110]
[2476, 2476, 2495, 43, 2475, 2495, 2486, 2494, 2480]
[39825, 27604, 183, 33778, 33293, 29246]
[100, 117, 114, 103, 104, 97, 109, 43, 97, 108, 43, 122, 97, 105, 100, 105]
[100, 109, 105, 116, 114, 105, 43, 97, 103, 114, 97, 110, 111, 118, 115, 107, 105]
[104, 97, 108, 108, 118, 97, 114, 100, 43, 105, 110, 103, 101, 98, 114, 105, 103, 116, 115, 101, 110]
[109, 111, 104, 97, 109, 109, 101, 100, 43, 97, 108, 45, 97, 115, 115, 97, 100, 105]
[103, 114, 111, 43, 100, 97, 104, 108, 101]
[1076, 1084, 1080, 1090, 1080, 1088, 1080, 1081, 43, 1072, 1075, 1088, 1072, 1085, 1086, 1074, 1089, 1082, 1080, 1081]
[99, 104, 114, 105, 115, 116, 111, 112, 104, 43, 119, 97, 103, 110, 101, 114, 45, 116, 114, 101, 110, 107, 119, 105, 116, 122]
[109, 111, 104, 97, 109, 101, 100, 43, 97, 108, 105, 43, 105, 98, 114, 97, 104, 105, 109]
[108, 121, 110, 100, 97, 43, 111, 100, 101, 110, 100, 97, 97, 108]
[109, 97, 114, 107, 101, 43, 115, 109, 105, 116, 104]
[107, 97, 114, 108, 43, 104, 111, 104, 101, 110, 108, 111, 104, 101]
[109, 111, 104, 97, 109, 109, 101, 100, 43, 97, 108, 105, 43, 105, 98, 114, 97, 104, 105, 109]
[1092, 1077, 1083, 1080, 1082, 1089, 43, 1073, 1072, 1090, 1080, 1089, 1090, 1072]
[115, 101, 114, 103, 101, 106, 43, 114, 106, 97, 98, 107, 111, 119]
[115, 101, 114, 103, 101, 106, 43, 114, 106, 97, 98, 107, 111, 118]
[1088, 1086, 1073, 1077, 1088, 1090, 43, 1092, 1080, 1096, 1077, 1088]
[106, 111, 115, 233, 43, 114, 105, 122, 97, 108]
[114, 117, 110, 101, 43, 102, 108, 97, 116, 98, 121]
[109, 105, 121, 111, 107, 111, 43, 119, 97, 116, 97, 105]
[1593, 1575, 1574, 1588, 1577, 43, 1575, 1604, 1602, 1584, 1575, 1601, 1610]
[98, 101, 114, 110, 97, 114, 100, 43, 109, 97, 100, 111, 102, 102, 115]
[97, 110, 100, 114, 101, 97, 43, 103, 105, 97, 110, 110, 105]
[98, 117, 100, 105, 43, 119, 97, 108, 117, 121, 111]
[99, 108, 97, 117, 100, 105, 97, 43, 114, 101, 105, 116, 101, 114, 101, 114]
[1072, 1073, 1093, 1080, 1089, 1080, 1090, 43, 1074, 1077, 1090, 1095, 1072, 1095, 1080, 1074]
[97, 110, 100, 114, 101, 97, 43, 103, 105, 97, 110, 105]
[97, 115, 97, 100, 43, 97, 98, 117, 43, 107, 104, 97, 108, 105, 108]
[114, 97, 100, 117, 43, 97, 108, 101, 120, 97, 110, 100, 114, 117]
[107, 97, 109, 105, 108, 43, 100, 117, 114, 99, 122, 111, 107]
[97, 109, 97, 110, 100, 111, 43, 109, 43, 116, 101, 116, 97, 110, 103, 99, 111]
[98, 114, 97, 110, 107, 111, 43, 116, 115, 114, 118, 101, 110, 107, 111, 118, 115, 107, 105]
[106, 101, 97, 110, 43, 99, 104, 114, 105, 115, 116, 111, 112, 104, 101, 43, 98, 111, 116, 116]
[114, 105, 99, 107, 43, 102, 101, 114, 103, 117, 115, 111, 110]
[102, 101, 108, 105, 120, 43, 98, 97, 116, 105, 115, 116, 97]
[109, 111, 104, 97, 109, 111, 117, 100, 43, 109, 111, 104, 97, 109, 101, 100, 43, 103, 111, 117, 108, 101, 100]
[115, 116, 97, 110, 43, 104, 117, 109, 112, 104, 114, 105, 101, 115]
[109, 111, 114, 116, 101, 110, 43, 108, 117, 110, 100, 101]
[100, 111, 110, 43, 98, 108, 97, 107, 101, 109, 97, 110]
[1076, 1084, 1080, 1090, 1088, 1080, 1081, 43, 1072, 1075, 1088, 1072, 1085, 1086, 1074, 1089, 1082, 1080, 1081]
[101, 108, 108, 105, 101, 43, 119, 101, 105, 115, 101, 108]
[114, 111, 98, 101, 114, 116, 43, 106, 97, 102, 102, 101]
[99, 97, 114, 111, 108, 105, 110, 101, 43, 109, 99, 100, 111, 110, 97, 108, 100]
[97, 108, 105, 43, 113, 101, 105, 115, 105]
[99, 97, 110, 100, 105, 100, 111, 43, 112, 101, 114, 101, 105, 114, 97]
[106, 117, 108, 105, 97, 43, 116, 104, 105, 101, 108, 101, 98, 101, 105, 110]
[1082, 1072, 1083, 1080, 1085, 43, 1089, 1083, 1072, 1074, 1086, 1074]
[115, 111, 115, 121, 97, 108, 43, 98, 105, 108, 105, 109, 108, 101, 114, 43, 97, 107, 97, 100, 101, 109, 105, 115, 105]
[109, 97, 100, 97, 110, 105, 43, 116, 97, 108, 108]
[114, 111, 98, 101, 114, 116, 111, 43, 102, 105, 115, 99, 104, 101, 114]
[229, 114, 104, 117, 115, 43, 107, 111, 109, 109, 117, 110, 101]
[109, 117, 110, 116, 97, 100, 97, 114, 43, 97, 108, 45, 122, 97, 105, 100, 105]
[114, 111, 98, 101, 114, 116, 43, 102, 105, 115, 99, 104, 101]
[103, 101, 114, 105, 43, 109, 117, 108, 108, 101, 114]
[24067, 20848, 31185, 33576, 23572, 25991, 31185, 22827, 26031, 22522]
[109, 111, 104, 97, 109, 109, 97, 100, 43, 97, 108, 45, 97, 115, 115, 97, 100, 105]
[109, 117, 110, 116, 97, 100, 97, 114, 43, 97, 108, 43, 122, 97, 105, 100]
[108, 97, 108, 105, 116, 104, 43, 119, 101, 101, 114, 97, 116, 117, 110, 103, 97]
[109, 111, 104, 97, 109, 117, 100, 43, 109, 111, 104, 97, 109, 101, 100, 43, 103, 117, 108, 101, 100]
[102, 111, 110, 100, 111, 43, 100, 101, 43, 103, 97, 114, 97, 110, 116, 105, 97, 43, 115, 97, 108, 97, 114, 105, 97, 108]
[97, 114, 104, 117, 115, 43, 107, 111, 109, 109, 117, 110, 101]
[1072, 1083, 1077, 1082, 1089, 1072, 1085, 1076, 1088, 43, 1083, 1086, 1087, 1072, 1090, 1080, 1085]
[106, 111, 115, 101, 43, 114, 105, 122, 97, 108]
[1072, 1073, 1093, 1080, 1089, 1080, 1090, 43, 1074, 1077, 1090, 1095, 1072, 1095, 1080, 1074, 1072]
[100, 111, 117, 114, 103, 104, 97, 109, 43, 97, 108, 45, 122, 97, 239, 100, 105]
[108, 105, 110, 100, 97, 43, 111, 100, 101, 110, 100, 97, 97, 108]
[117, 100, 97, 105, 43, 97, 108, 45, 122, 97, 105, 100, 105]
[109, 111, 104, 97, 109, 109, 101, 100, 43, 97, 108, 43, 97, 115, 115, 97, 100, 105]
[104, 97, 110, 115, 43, 100, 101, 43, 98, 114, 117, 105, 106, 110]
[115, 111, 110, 43, 109, 111, 108, 108]
[102, 114, 97, 110, 231, 111, 105, 115, 101, 43, 98, 101, 116, 116, 101, 110, 99, 111, 117, 114, 116, 43, 109, 101, 121, 101, 114, 115]
[109, 97, 115, 115, 105, 109, 111, 43, 100, 101, 43, 99, 101, 115, 97, 114, 105, 115]
[97, 98, 100, 117, 97, 108, 43, 115, 97, 116, 97, 114, 43, 98, 105, 114, 113, 97, 100, 114]
[99, 104, 114, 105, 115, 116, 105, 97, 110, 43, 112, 101, 116, 116, 101, 114, 115, 101, 110]
[1074, 1072, 1083, 1077, 1088, 1080, 1081, 43, 1082, 1072, 1084, 1095, 1072, 1090, 1085, 1099, 1081]
[109, 111, 117, 110, 116, 97, 100, 104, 97, 114, 43, 97, 108, 45, 122, 101, 105, 100, 105]
[109, 117, 110, 116, 97, 115, 101, 114, 43, 101, 108, 43, 115, 97, 105, 100, 105]
[106, 97, 115, 111, 110, 43, 98, 101, 110, 110, 101, 116, 116, 111]
[108, 101, 111, 110, 97, 114, 100, 43, 109, 111, 99, 105, 117, 108, 115, 99, 104, 105]
[111, 97, 110, 97, 43, 98, 111, 99]
[102, 114, 97, 110, 99, 101, 115, 99, 111, 43, 103, 114, 97, 115, 115, 111]
[115, 111, 110, 43, 108, 108, 97, 116, 122, 101, 114]
[100, 117, 114, 103, 104, 97, 109, 43, 97, 108, 45, 122, 97, 105, 100, 105]
[109, 101, 104, 109, 101, 116, 43, 107, 97, 121, 104, 97, 110]
[106, 117, 97, 110, 97, 43, 112, 101, 114, 101, 122]
[114, 111, 100, 110, 101, 121, 43, 99, 114, 111, 119, 101, 108, 108]
[114, 105, 107, 43, 102, 101, 114, 103, 117, 115, 111, 110]
[115, 111, 110, 43, 108, 108, 224, 116, 122, 101, 114]
[100, 97, 114, 103, 104, 97, 109, 43, 97, 108, 45, 122, 97, 105, 100, 105]
[117, 100, 97, 121, 97, 43, 110, 97, 110, 97, 121, 97, 107, 107, 97, 114, 97]
[120, 97, 118, 105, 101, 114, 43, 115, 105, 109, 101, 111, 110]
[99, 97, 114, 111, 108, 105, 110, 97, 43, 109, 99, 100, 111, 110, 97, 108, 100]
[98, 117, 114, 99, 104, 97, 114, 100, 43, 114, 246, 118, 101, 114]
[99, 104, 114, 105, 115, 116, 105, 97, 110, 101, 43, 112, 101, 116, 101, 114, 115, 101, 110]
[120, 97, 118, 105, 101, 114, 43, 115, 105, 109, 101, 243, 110]
[97, 108, 105, 43, 107, 101, 105, 115, 115, 121]
[102, 114, 97, 110, 99, 111, 105, 115, 101, 43, 98, 101, 116, 116, 101, 110, 99, 111, 117, 114, 116, 45, 109, 121, 101, 114, 115]
[98, 114, 97, 110, 107, 111, 43, 99, 114, 118, 101, 110, 107, 111, 118, 115, 107, 105]
[117, 121, 100, 97, 121, 97, 43, 110, 97, 110, 121, 97, 107, 107, 97, 114, 97]
[1089, 1074, 1103, 1090, 1086, 1089, 1083, 1072, 1074, 43, 1088, 1080, 1093, 1090, 1077, 1088]
[102, 114, 97, 110, 99, 111, 105, 115, 43, 98, 101, 116, 116, 101, 110, 99, 111, 117, 114, 116, 45, 109, 101, 121, 101, 114, 115]
[111, 117, 100, 97, 239, 43, 97, 108, 43, 122, 97, 239, 100, 105]
[106, 111, 99, 104, 101, 110, 43, 105, 110, 116, 101, 108, 109, 97, 110, 110]
[119, 97, 118, 101, 114, 108, 121, 43, 112, 101, 114, 115, 111, 110]
[24067, 20848, 31185, 183, 33576, 23572, 25991, 31185, 22827, 26031, 22522]
[1101, 1076, 1091, 1072, 1088, 1076, 1072, 43, 1087, 1086, 1085, 1080, 1082, 1072, 1088, 1086, 1074, 1072]
[100, 111, 117, 114, 103, 104, 97, 109, 43, 97, 108, 43, 122, 97, 105, 100, 105]
[109, 97, 105, 116, 104, 97, 109, 43, 97, 108, 43, 122, 97, 105, 100, 105]
[1084, 1091, 1085, 1090, 1072, 1076, 1072, 1088, 43, 1079, 1072, 1080, 1076, 1080]
[115, 101, 114, 103, 101, 105, 43, 112, 111, 108, 111, 110, 115, 107, 121]
[101, 108, 105, 122, 97, 98, 101, 116, 104, 43, 100, 97, 108, 122, 105, 101, 108]
[109, 117, 110, 116, 97, 100, 104, 97, 114, 43, 97, 108, 45, 122, 101, 105, 100, 105]
[12450, 12540, 12531, 43, 12480, 12531, 12459, 12531]
[109, 111, 104, 97, 109, 109, 97, 100, 43, 97, 108, 43, 97, 115, 115, 97, 100, 105]
[111, 117, 100, 97, 239, 43, 97, 108, 45, 122, 97, 239, 100, 105]
[1073, 1088, 1072, 1085, 1082, 1086, 43, 1094, 1088, 1074, 1077, 1085, 1082, 1086, 1074, 1089, 1082, 1080, 1081]
[102, 114, 97, 110, 231, 111, 105, 115, 101, 43, 98, 101, 116, 116, 97, 110, 99, 111, 117, 114, 116, 45, 109, 101, 121, 101, 114]
[98, 111, 98, 98, 121, 43, 102, 105, 115, 104, 101, 114]
[106, 97, 99, 107, 43, 102, 114, 97, 110, 107, 115]
[109, 111, 104, 97, 109, 101, 100, 43, 116, 114, 97, 111, 114, 101]
[102, 114, 97, 110, 231, 111, 105, 115, 101, 43, 98, 101, 116, 116, 101, 110, 99, 111, 117, 114, 116, 43, 109, 121, 101, 114, 115]
[109, 97, 114, 99, 43, 111, 108, 108, 105, 118, 101, 114]
[115, 118, 101, 110, 100, 43, 101, 114, 105, 107, 43, 106, 97, 99, 111, 98, 115, 101, 110]
[98, 114, 97, 110, 107, 111, 43, 231, 305, 114, 118, 101, 110, 107, 111, 118, 115, 107, 105]
[117, 100, 97, 121, 43, 97, 108, 43, 122, 97, 105, 100, 105]
[97, 108, 101, 107, 115, 97, 110, 100, 101, 114, 43, 108, 111, 112, 97, 116, 105, 110]
[109, 97, 105, 116, 104, 97, 109, 43, 97, 108, 45, 122, 97, 105, 100, 105]
[12525, 12496, 12540, 12488, 43, 12472, 12455, 12540, 12512, 12473, 43, 12501, 12451, 12483, 12471, 12515, 12540]
[97, 108, 101, 120, 43, 103, 97, 114, 108, 97, 110, 100]
[97, 114, 110, 101, 43, 104, 106, 101, 108, 116, 110, 101, 115]
[102, 114, 97, 110, 99, 111, 105, 115, 43, 98, 101, 116, 116, 101, 110, 99, 111, 117, 114, 116, 43, 109, 101, 121, 101, 114, 115]
[114, 111, 98, 101, 114, 116, 43, 106, 97, 109, 101, 115, 43, 34, 98, 111, 98, 98, 121, 34, 43, 102, 105, 115, 99, 104, 101, 114]
[102, 114, 97, 110, 99, 111, 105, 115, 101, 43, 98, 101, 116, 116, 101, 110, 99, 111, 117, 114, 116, 43, 109, 121, 101, 114, 115]
[109, 111, 104, 97, 109, 109, 101, 100, 43, 97, 115, 115, 97, 100, 105]
[97, 110, 97, 43, 98, 111, 99]
[100, 111, 117, 114, 103, 104, 97, 109, 43, 122, 97, 105, 100, 105]
[100, 97, 110, 105, 101, 108, 43, 102, 114, 105, 98, 101, 114, 103]
[105, 111, 97, 110, 43, 98, 111, 99]
[12502, 12521, 12531, 12467, 12539, 12484, 12523, 12532, 12455, 12531, 12467, 12501, 12473, 12461, 12540]
[100, 97, 118, 105, 100, 43, 98, 111, 111, 116, 104]
[1080, 1075, 1086, 1088, 1100, 43, 1079, 1074, 1072, 1088, 1080, 1095]
[1072, 1085, 1076, 1088, 1077, 1072, 43, 1076, 1078, 1080, 1072, 1085, 1080]
[97, 110, 110, 43, 107, 114, 105, 115, 116, 105, 110, 43, 111, 108, 115, 101, 110]
[97, 110, 103, 101, 108, 97, 43, 119, 114, 105, 103, 104, 116]
[98, 111, 98, 43, 102, 105, 115, 104, 101, 114]
[114, 97, 116, 117, 43, 105, 115, 111, 97, 43, 103, 97, 118, 105, 100, 105]
[114, 111, 98, 101, 114, 116, 43, 102, 105, 115, 104, 101, 114]
[101, 117, 103, 101, 110, 101, 43, 116, 111, 114, 114, 101]
[1073, 1088, 1072, 1085, 1082, 1086, 43, 1094, 1098, 1088, 1074, 1077, 1085, 1082, 1086, 1074, 1089, 1082, 1080]
[117, 100, 97, 121, 97, 43, 110, 97, 110, 97, 121, 107, 107, 97, 114, 97]
[102, 114, 97, 110, 231, 111, 105, 115, 43, 98, 101, 116, 116, 101, 110, 99, 111, 117, 114, 116, 43, 109, 101, 121, 101, 114, 115]
[39825, 27604, 33778, 33293, 29246]
[98, 111, 103, 100, 97, 110, 43, 98, 111, 114, 107, 111, 119, 115, 107, 105]
[109, 111, 104, 97, 110, 43, 98, 97, 105, 100, 121, 97]
[106, 101, 97, 110, 45, 112, 97, 117, 108, 43, 106, 117, 103, 117, 101, 116]
[101, 108, 105, 101, 43, 119, 101, 105, 115, 101, 108]
[1080, 1074, 1072, 1085, 43, 1080, 1075, 1086, 1074]
[102, 111, 110, 100, 111, 43, 100, 101, 43, 103, 97, 114, 97, 110, 116, 237, 97, 43, 115, 97, 108, 97, 114, 105, 97, 108]
[108, 117, 105, 115, 43, 102, 105, 108, 105, 112, 101, 43, 100, 97, 43, 115, 105, 108, 118, 97]
[97, 115, 97, 100, 43, 97, 98, 117, 45, 107, 104, 97, 108, 105, 108]
[114, 111, 110, 43, 115, 109, 101, 101, 116, 115]
[117, 100, 97, 121, 43, 97, 108, 45, 122, 97, 105, 100, 105]
[102, 114, 97, 110, 99, 111, 105, 115, 101, 45, 98, 101, 116, 116, 101, 110, 99, 111, 117, 114, 116, 43, 109, 101, 121, 101, 114, 115]
[109, 111, 104, 97, 109, 109, 97, 100, 43, 97, 108, 105, 43, 105, 98, 114, 97, 104, 105, 109]
[115, 111, 110, 43, 108, 108, 225, 116, 122, 101, 114]
[115, 117, 116, 116, 111, 110, 43, 102, 111, 115, 116, 101, 114]
[1088, 1086, 1073, 1077, 1088, 1090, 43, 1076, 1078, 1077, 1081, 1084, 1089, 43, 1092, 1080, 1096, 1077, 1088]
[105, 103, 111, 114, 43, 122, 118, 97, 114, 105, 99, 104]
[109, 117, 110, 116, 97, 100, 104, 97, 114, 43, 97, 108, 43, 122, 101, 105, 100, 105]
[97, 109, 97, 116, 111, 43, 100, 101, 43, 109, 111, 110, 116, 101]
[12525, 12496, 12540, 12488, 12472, 12455, 12540, 12512, 12473, 12501, 12451, 12483, 12471, 12515, 12540]
[102, 117, 110, 100, 97, 43, 97, 114, 97, 114]
[1080, 1075, 1086, 1088, 1100, 43, 1079, 1074, 1072, 1088, 1099, 1095]
[1606, 1576, 1610, 1604, 43, 1576, 1606, 43, 1571, 1605, 1610, 1606, 43, 1605, 1604, 1575]
[109, 105, 99, 104, 97, 101, 108, 43, 101, 108, 109, 113, 117, 105, 115, 116]
[106, 111, 104, 110, 110, 121, 43, 99, 97, 115, 104, 115]
[100, 117, 114, 103, 104, 97, 109, 43, 97, 108, 43, 122, 97, 239, 100, 105]
[956, 960, 972, 956, 960, 953, 43, 966, 943, 963, 949, 961]
[112, 105, 97, 116, 97, 43, 112, 97, 108, 97, 116, 117, 108, 117, 105, 43, 99, 117, 108, 116, 117, 114, 105, 105]
[109, 111, 104, 97, 109, 101, 100, 43, 99, 97, 109, 97, 114, 97]
[956, 960, 961, 940, 957, 954, 959, 43, 964, 963, 949, 961, 946, 949, 957, 954, 972, 966, 963, 954, 953]
[109, 111, 104, 97, 109, 109, 101, 100, 43, 97, 115, 97, 100, 105]
[109, 111, 117, 110, 116, 97, 100, 104, 97, 114, 43, 97, 108, 43, 122, 101, 105, 100, 105]
[109, 97, 114, 107, 43, 111, 108, 105, 118, 101, 114]
[97, 98, 100, 43, 114, 97, 98, 98, 111, 43, 115, 97, 108, 101, 104, 43, 97, 108, 45, 116, 97, 109]
[98, 114, 97, 110, 107, 111, 43, 99, 114, 118, 101, 110, 107, 111, 118, 115, 107, 105, 115]
[112, 105, 111, 116, 114, 43, 115, 101, 109, 107, 97]
[102, 114, 97, 110, 99, 111, 105, 115, 101, 43, 98, 101, 116, 116, 101, 110, 99, 111, 117, 114, 116, 43, 109, 101, 121, 101, 114, 115]
[109, 111, 104, 97, 109, 101, 100, 43, 97, 115, 115, 97, 100, 105]
[1073, 1086, 1073, 1080, 43, 1092, 1080, 1096, 1077, 1088]
[99, 226, 110, 100, 105, 100, 111, 43, 112, 101, 114, 101, 105, 114, 97]
[97, 114, 110, 101, 43, 100, 117, 110, 99, 97, 110]
[1073, 1077, 1088, 1085, 1072, 1088, 1076, 1086, 1084, 43, 1084, 1072, 1076, 1086, 1092, 1092, 1086, 1084]
[109, 111, 104, 97, 109, 101, 100, 43, 116, 114, 97, 111, 114, 233]
[97, 108, 105, 112, 105, 111, 43, 102, 101, 114, 110, 97, 110, 100, 101, 122]
[100, 109, 105, 116, 114, 121, 43, 97, 103, 114, 97, 110, 111, 118, 115, 107, 121]
[100, 117, 114, 103, 104, 97, 109, 43, 122, 97, 105, 100, 105]
[102, 97, 105, 114, 102, 105, 101, 108, 100, 43, 103, 114, 101, 101, 110, 119, 105, 99, 104]
[108, 117, 237, 115, 43, 102, 105, 108, 105, 112, 101, 43, 100, 97, 43, 115, 105, 108, 118, 97]
[106, 97, 99, 101, 107, 43, 115, 116, 114, 122, 97, 322, 107, 111, 119, 115, 107, 105]
[1570, 1585, 1606, 1740, 43, 1583, 1575, 1606, 1705, 1606]
[109, 111, 104, 97, 109, 111, 117, 100, 43, 109, 111, 104, 97, 109, 101, 100, 43, 103, 117, 108, 101, 100]
[104, 97, 114, 114, 121, 43, 103, 111, 111, 110, 101, 116, 105, 108, 101, 107, 101]
[99, 101, 122, 97, 114, 121, 43, 109, 105, 99, 104, 97, 108, 115, 107, 105]
[115, 118, 101, 110, 100, 45, 101, 114, 105, 107, 43, 106, 97, 99, 111, 98, 115, 101, 110]
[100, 111, 117, 114, 103, 104, 97, 109, 43, 97, 108, 45, 122, 97, 105, 100, 105]
[102, 114, 97, 110, 231, 111, 105, 115, 101, 45, 98, 101, 116, 116, 101, 110, 99, 111, 117, 114, 116, 43, 109, 101, 121, 101, 114, 115]
[114, 111, 103, 101, 114, 43, 109, 117, 115, 115, 111, 110]
[1576, 1575, 1576, 1740, 43, 1601, 1740, 1588, 1585]
[12450, 12540, 12531, 12539, 12480, 12531, 12459, 12531]
[1072, 1073, 1093, 1080, 1089, 1090, 43, 1074, 1077, 1090, 1095, 1072, 1095, 1080, 1074, 1072]
[115, 101, 114, 103, 101, 106, 43, 112, 111, 108, 111, 110, 115, 107, 105, 106]
[116, 111, 109, 43, 98, 114, 121, 100, 101, 114]
[12502, 12521, 12531, 12467, 43, 12484, 12523, 12532, 12455, 12531, 12467, 12501, 12473, 12461, 12540]
[246, 122, 103, 252, 114, 43, 246, 122, 101, 108]
[97, 110, 97, 116, 111, 108, 105, 43, 109, 97, 116, 105, 111, 115]
[114, 111, 98, 101, 114, 116, 43, 106, 43, 102, 105, 115, 104, 101, 114]
[117, 100, 97, 105, 43, 97, 108, 43, 122, 97, 105, 100, 105]
[109, 111, 104, 97, 109, 97, 100, 43, 97, 115, 97, 100, 105]
[99, 104, 114, 105, 115, 116, 105, 97, 110, 43, 112, 101, 116, 101, 114, 115, 101, 110]
[109, 97, 114, 107, 117, 115, 43, 102, 114, 105, 101, 115, 97, 99, 104, 101, 114]
[97, 110, 110, 45, 107, 114, 105, 115, 116, 105, 110, 43, 111, 108, 115, 101, 110]
[112, 104, 105, 108, 108, 105, 112, 112, 101, 43, 103, 105, 108, 98, 101, 114, 116]
[116, 104, 111, 114, 98, 106, 248, 114, 110, 43, 101, 103, 110, 101, 114]
[97, 108, 101, 120, 97, 110, 100, 101, 114, 43, 108, 111, 112, 97, 116, 105, 110]
[117, 100, 97, 121, 97, 43, 110, 97, 110, 97, 121, 97, 107, 97, 114, 97]
[100, 109, 105, 116, 114, 105, 106, 43, 97, 103, 114, 97, 110, 111, 118, 115, 107, 105, 106]
[99, 97, 114, 108, 111, 115, 43, 118, 101, 99, 104, 104, 105, 111]
[100, 97, 118, 105, 100, 43, 107, 111, 116, 122]
[97, 108, 108, 121, 43, 107, 101, 105, 115, 115, 121]
[114, 111, 98, 101, 114, 116, 43, 106, 43, 102, 105, 115, 99, 104, 101, 114]
[100, 97, 118, 105, 100, 43, 97, 108, 101, 120, 97, 110, 100, 101, 114]
[97, 98, 100, 43, 114, 97, 98, 98, 111, 43, 115, 97, 108, 101, 104, 43, 97, 108, 43, 116, 97, 109]
[101, 114, 105, 107, 43, 111, 100, 101]
[100, 97, 114, 103, 104, 97, 109, 43, 97, 108, 43, 122, 97, 105, 100, 105]
[115, 111, 110, 106, 97, 43, 107, 111, 104, 110]
[1073, 1086, 1073, 1073, 1080, 43, 1092, 1080, 1096, 1077, 1088]
[1576, 1608, 1576, 1610, 43, 1601, 1610, 1588, 1585]
[99, 114, 105, 115, 116, 105, 110, 97, 43, 109, 111, 114, 101, 110, 111]
[24067, 20848, 31185, 43, 33576, 23572, 25991, 31185, 22827, 26031, 22522]
[109, 117, 110, 116, 97, 115, 101, 114, 43, 97, 108, 43, 115, 97, 105, 100, 105]
[115, 101, 114, 103, 101, 105, 43, 114, 106, 97, 98, 107, 111, 118]
[111, 101, 122, 103, 117, 114, 43, 111, 101, 122, 101, 108]
[115, 101, 114, 103, 101, 105, 43, 114, 106, 97, 98, 107, 111, 119]
[99, 233, 100, 114, 105, 99, 43, 116, 105, 108, 108, 101]
[102, 114, 97, 110, 99, 111, 105, 115, 101, 43, 98, 101, 116, 116, 97, 110, 99, 111, 117, 114, 116, 45, 109, 101, 121, 101, 114, 115]
[110, 117, 114, 43, 104, 97, 115, 115, 97, 110]
[100, 111, 117, 114, 103, 104, 97, 109, 43, 97, 108, 43, 122, 97, 239, 100, 105]
[100, 117, 114, 103, 104, 97, 109, 43, 97, 108, 45, 122, 97, 239, 100, 105]
[111, 117, 100, 97, 105, 43, 97, 108, 45, 122, 97, 105, 100, 105]
[99, 97, 114, 108, 111, 115, 43, 118, 101, 99, 99, 104, 105, 111]
[116, 97, 114, 305, 109, 43, 98, 97, 107, 97, 110, 108, 305, 287, 305]
[109, 105, 114, 99, 101, 97, 43, 114, 259, 100, 117, 108, 101, 115, 99, 117]
[97, 114, 110, 111, 43, 110, 101, 108, 108, 101, 115]
[1073, 1088, 1072, 1085, 1082, 1086, 43, 1094, 1088, 1074, 1077, 1085, 1082, 1086, 1074, 1089, 1082, 1080]
[98, 114, 101, 110, 100, 111, 110, 43, 104, 97, 114, 116, 108, 101, 121]
[1076, 1086, 1088, 1072, 43, 1093, 1088, 1080, 1089, 1090, 1086, 1074, 1072]
[112, 97, 117, 108, 43, 109, 111, 114, 114, 105, 115, 115, 101, 121]
[98, 111, 98, 43, 102, 105, 115, 99, 104, 101, 114]
[97, 110, 110, 101, 45, 99, 97, 116, 104, 43, 118, 101, 115, 116, 108, 121]
[102, 114, 97, 110, 231, 111, 105, 115, 101, 43, 98, 101, 116, 116, 101, 110, 99, 111, 117, 114, 116, 45, 109, 121, 101, 114, 115]
[12525, 12496, 12540, 12488, 12539, 12472, 12455, 12540, 12512, 12473, 12539, 12501, 12451, 12483, 12471, 12515, 12540]
[1074, 1083, 1072, 1076, 1080, 1084, 1080, 1088, 1072, 43, 1082, 1088, 1086, 1090, 1102, 1082, 1072]
[102, 114, 97, 110, 231, 111, 105, 115, 43, 98, 101, 116, 116, 101, 110, 99, 111, 117, 114, 116, 45, 109, 101, 121, 101, 114, 115]
[105, 110, 103, 101, 114, 43, 98, 97, 99, 104]
[109, 111, 104, 97, 109, 101, 100, 43, 99, 97, 109, 97, 114, 225]
[103, 111, 114, 97, 110, 97, 43, 107, 108, 101, 109, 101, 110, 269, 105, 269, 97]
[1072, 1085, 1072, 1090, 1086, 1083, 1080, 1081, 43, 1084, 1072, 1090, 1080, 1086, 1089]
[97, 110, 110, 101, 43, 99, 97, 116, 104, 45, 118, 101, 115, 116, 108, 121]
[98, 114, 97, 110, 107, 111, 43, 99, 305, 114, 118, 101, 110, 107, 111, 118, 115, 107, 105]
[1073, 1077, 1088, 1085, 1072, 1088, 1076, 1086, 1084, 43, 1084, 1101, 1076, 1086, 1092, 1092, 1086, 1084]
[112, 97, 117, 108, 43, 109, 111, 114, 114, 105, 115, 101, 121]
[106, 101, 97, 110, 45, 99, 104, 114, 105, 115, 116, 111, 112, 104, 101, 43, 98, 111, 116, 116]
[102, 117, 110, 100, 111, 43, 100, 101, 43, 103, 97, 114, 97, 110, 116, 105, 97, 43, 115, 97, 108, 97, 114, 105, 97, 108]
[114, 105, 99, 107, 43, 102, 101, 114, 103, 117, 115, 115, 111, 110]
[115, 117, 115, 97, 110, 43, 100, 111, 110, 111, 102, 114, 105, 111]
[112, 104, 105, 108, 105, 112, 112, 101, 43, 103, 105, 108, 98, 101, 114, 116]
[1072, 1073, 1076, 1091, 1083, 43, 1089, 1072, 1090, 1072, 1088, 43, 1073, 1080, 1088, 1082, 1072, 1076, 1088]
[98, 114, 117, 99, 101, 43, 108, 97, 107, 101, 102, 105, 101, 108, 100]
[114, 111, 108, 102, 43, 115, 116, 101, 102, 102, 101, 110, 115, 101, 110]
